Samples	Day_length	Temperature	Secchi	Salinity	Chla_total	Chla_3um	PO4	NH4	NO2	NO3	Si	BP_FC1.55	PNF_Micro	PNF2_5um_Micro	PNF_5um_Micro	Cryptomonas	Micromonas	HNF_Micro	HNF2_5um_Micro	HNF_5um_Micro	LNA	HNA	Prochlorococcus_FC	Peuk1	Peuk2	year	month	day	season	Bacteria_joint	Synechococcus
BL090113	9.42	12.72	14	38.08	0.43	NA	0.086	0.411	0.186	1.501	2.499	0.27	8725	8569	52	96	6824	449	437	12	429000	308000	6104	6634	288	2009	1	13	winter	736000	5682
BL090210	10.37	12.16	12	38.06	0.83	NA	NA	NA	NA	NA	NA	1.86	7435	7314	69	48	5519	659	628	31	234000	543000	859	6296	443	2009	2	10	winter	777000	3838
BL090317	11.95	13	15	38.18	NA	NA	0.049	0.327	0.033	0.287	2.066	0.4	10290	9635	66	547	6409	533	493	41	347000	428000	8681	7424	1369	2009	3	17	spring	775000	49535
BL090421	13.56	14.58	15.5	38.15	1.16	0.08	0.044	0.363	0.031	0.093	0.532	1.85	3602	3282	262	54	2849	244	220	24	625000	489000	0	2484	144	2009	4	21	spring	1110000	5281
BL090512	14.4	17.55	12	37.76	0.54	0.27	0.048	0.406	0.024	0.098	0.735	1.26	2619	2364	238	17	1103	887	847	41	257000	434000	0	2843	1114	2009	5	12	spring	691000	6473
BL090609	15.12	18.97	13	37.98	0.3	0.13	0.069	0.478	0.022	0.113	1.464	1.13	4801	4669	114	17	3205	1418	1379	39	430000	711000	3251	4737	1209	2009	6	9	spring	1140000	28994
BL090721	14.78	23.38	13	38.13	0.13	0.03	0.045	0.449	0.011	0.63	0.97	0.69	1666	1349	119	184	275	1361	1322	38	396000	556000	4918	1164	131	2009	7	21	summer	953000	54905
BL090804	14.33	24.3	20	38.17	0.34	0.18	0.029	0.099	0.028	0.346	1.042	2.02	2363	2321	42	0	329	2210	2129	83	353000	324000	5641	1033	415	2009	8	4	summer	677000	30294
BL090915	12.55	23.51	18	38.14	0.34	0.24	0.096	0.166	0.01	0.349	1.206	1.25	1708	1467	20	56	131	1190	1190	0	329000	376000	5442	632	344	2009	9	15	autumn	705000	24977
BL091006	11.58	20.32	16	38.07	0.74	0.35	0.102	0.156	0.034	0.512	1.23	1.04	4666	4418	50	69	2389	1313	1313	0	563000	575000	19796	2270	761	2009	10	6	autumn	1140000	39559
BL091105	10.26	17.29	20	38.16	0.76	0.49	0.117	0.101	0.045	0.264	1.354	0.5	5758	5593	0	75	3464	752	752	0	416000	510000	34516	3185	478	2009	11	5	autumn	926000	26455
BL091222	9.15	13.81	8	37.98	1.13	0.37	0.104	0.083	0.172	1.162	1.621	0.46	2732	2482	134	107	1407	599	599	0	386000	307000	10844	1032	282	2009	12	22	winter	693000	7668
BL100120	9.61	12.92	16	37.93	1	0.73	0.108	0.067	0.231	2.794	1.902	0.04	11280	11261	18	92	9942	409	409	0	335000	362000	8744	6353	410	2010	1	20	winter	697000	5336
BL100217	10.67	12.32	10	37.92	0.96	0.58	0.107	0.453	0.239	0	2.493	NA	8476	8476	0	55	5709	406	391	15	203000	209000	4472	4519	500	2010	2	17	winter	412000	3945
BL100322	12.19	12.39	9	37.61	1.95	0.82	0.131	0.145	0.107	1.496	1.565	0.51	22283	22202	81	810	13937	1494	1462	32	327000	363000	1305	11007	2146	2010	3	22	spring	690000	13150
BL100413	13.25	13.65	15	37.81	0.49	0.29	0.112	0.144	0.084	1.057	1.82	0.89	4307	4307	0	495	3656	1392	1330	63	407000	503000	1472	3606	68	2010	4	14	spring	910000	57291
BL100525	14.81	15.19	8	37.63	0.93	0.37	0.091	1.151	0.14	0.43	1.561	0.81	3220	3127	93	93	518	962	944	19	549000	467000	1075	1017	876	2010	5	25	spring	1020000	45876
BL100622	15.2	19.24	15	37.49	0.56	0.27	0.106	0.268	0.062	0.508	0.812	1.02	2420	2381	40	10	456	1240	1240	0	521000	538000	294	1282	582	2010	6	22	summer	1060000	15627
BL100706	15.1	23.05	10	37.74	0.43	0.18	0.123	0.056	0.005	0.082	0.304	0.75	2752	2656	96	96	250	1497	1451	46	186000	325000	643	837	667	2010	7	6	summer	511000	10022
BL100803	14.37	24.11	15	37.75	0.44	0.21	0.151	0.122	0.065	0.209	0.779	4.34	1323	1323	0	17	223	1194	1140	53	334000	430000	680	738	592	2010	8	3	summer	764000	30670
BL100914	12.59	24.43	22	38.03	0.31	0.1	0.118	0.201	0.025	0.127	0.617	NA	1533	1455	78	16	641	832	832	0	267000	344000	1249	882	178	2010	9	14	autumn	611000	16403
BL101019	10.99	17.61	11	37.86	0.78	0.38	0.139	0.225	0.055	0.574	1.331	0.74	6823	6738	84	118	5388	1331	1313	18	512000	572000	7684	4031	439	2010	10	19	autumn	1080000	16161
BL101116	9.85	15.76	8	38.17	0.53	0.35	0.076	0.144	0.15	0.421	0.874	0.88	8755	8723	32	64	8082	493	462	31	249000	234000	16576	5874	308	2010	11	16	winter	483000	16325
BL101214	9.19	14.45	18	38.17	0.51	0.36	0.184	0.116	0.251	1.459	1.518	0.3	10811	10797	14	43	9365	379	379	0	394000	375000	11256	5693	309	2010	12	14	winter	768000	11789
BL110112	9.39	12.89	12.5	38	0.81	0.52	0.112	0.616	0.275	1.539	2.141	3.26	15754	15723	30	121	14496	724	693	31	181000	134000	6631	7729	465	2011	1	12	winter	315000	6168
BL110208	10.29	12.36	13.5	37.82	0.96	0.54	0.107	0.559	0.238	1.412	2.031	3.16	19225	19202	22	201	15779	736	736	0	372000	258000	3659	12536	1369	2011	2	8	winter	630000	5230
BL110314	11.81	12.25	8.5	37.82	1.05	0.54	0.11	0.408	0.283	1.232	2.458	1.28	15509	15427	82	594	13994	719	719	0	NA	NA	NA	NA	NA	2011	3	14	spring	1227656	31887
BL110412	13.16	NA	16	NA	0.45	0.26	0.108	0.687	0.077	0.469	1.009	0.37	3460	3438	22	86	562	1240	1197	43	NA	NA	NA	NA	NA	2011	4	12	spring	563413	30326
BL110517	14.57	17.6	18	NA	0.49	0.14	0.096	0.037	0.016	0.442	0.686	0.5	2074	2010	64	86	428	1155	1155	0	436000	439000	1170	3732	352	2011	5	17	spring	875000	19447
BL110615	15.18	21	13.5	37.7	0.54	0.18	0.182	0.629	0.102	1.007	1.854	2.96	3070	2739	331	47	567	1967	1967	0	NA	NA	1337	2126	272	2011	6	15	summer	952492	11199
BL110704	15.12	22.4	16	37.83	0.2	0.1	0.076	0.029	0.01	0.423	0.404	1.93	1453	1434	19	21	208	1634	1634	0	508000	565000	3872	1360	252	2011	7	5	summer	1070000	14259
BL110802	14.4	22.88	15	37.82	0.6	0.38	0.105	0.687	0.038	0.8	1.806	2.36	7954	7204	41	709	5644	534	534	0	NA	NA	NA	NA	NA	2011	8	2	summer	966731	27965
BL110913	12.64	23	19	NA	0.32	0.19	0.092	0.095	0.004	0.493	0.9	3.51	5554	5428	16	110	4276	1214	1196	19	370000	452000	16651	1743	58	2011	9	13	autumn	822000	31135
BL111010	11.4	20.64	14	38.09	0.37	0.2	0.083	0.026	0.006	0.511	1.02	0.29	2029	1959	35	35	402	1944	1924	19	618000	468000	12362	820	718	2011	10	10	autumn	1090000	25531
BL111129	9.46	16.76	8.5	37.21	2.88	0.36	0.101	0.052	0.06	0.546	0.303	6.21	4586	3867	292	428	2584	1623	1623	0	475000	855000	8968	3276	579	2011	11	29	winter	1330000	12975
BL111219	9.15	15.46	14	38.05	0.89	0.28	0.074	0.027	0.106	0.54	0.845	0.33	7881	7787	63	32	6619	576	561	15	393000	444000	6107	2147	658	2011	12	19	winter	836000	4338
BL120110	9.35	14.39	14	38.09	0.69	0.36	0.078	1.389	0.263	0.188	1.218	0.29	7681	7505	53	124	5986	560	560	0	294000	297000	9095	2683	69	2012	1	10	winter	591000	9742
BL120214	10.54	12.24	15	38.24	0.69	0.35	0.13	0.39	0.222	2.177	2.492	0.6	7139	7043	19	77	5580	456	456	0	265000	172000	4651	4692	316	2012	2	14	winter	437000	4940
BL120313	11.81	13.18	18.5	38.28	0.67	0.36	0.103	0.666	0.259	2.384	2.451	0.13	14523	14377	73	73	12764	792	792	0	222000	271000	2422	7334	949	2012	3	13	spring	492000	4087
BL120411	13.16	13.82	16	38.22	1.21	0.85	0.035	0.574	0.092	0.166	1.724	0.59	14379	13684	0	695	10263	2117	2078	38	751000	573000	5160	8875	1802	2012	4	11	spring	1320000	71080
BL120518	14.63	16.8	16	38.24	0.36	0.04	0.036	0.913	0.085	0.114	0.502	0.94	2040	1982	0	58	885	805	766	39	379000	316000	1555	619	647	2012	5	11	spring	695000	3550
BL120620	15.2	20.06	16	38.23	0.76	0.21	0.042	0.909	0.042	0.009	0.513	1.47	3751	3678	49	24	585	2718	2622	96	513000	486000	1101	1018	399	2012	6	20	summer	998000	23556
BL120703	15.13	22.01	16	38.07	0.26	0.12	0.053	0.531	0.061	0.064	0.508	2.25	2222	2117	0	105	332	1751	1751	0	446000	392000	1802	784	688	2012	7	3	summer	838000	25620
BL120807	14.18	25.35	20	38.14	0.19	0.07	0.087	1.579	0.04	0.258	0.796	1.23	1360	1311	17	33	149	989	953	35	493000	281000	963	482	303	2012	8	7	summer	774000	36627
BL120913	12.59	22.46	19	38.16	0.16	0.08	0.027	0.611	0.016	0.069	1.052	13.56	1254	1220	0	34	155	881	881	0	221000	381000	7884	358	399	2012	9	13	autumn	602000	21272
BL121009	11.4	18.31	18	37.91	0.34	0.16	0.026	0.832	0.036	0.038	0.932	5.18	3229	3165	0	64	1433	859	859	0	394000	461000	20900	1624	592	2012	10	9	autumn	855000	32775
BL121106	10.18328661	16.66	8	38.04	0.46	0.26	0.221	1.702	0.122	3.523	2.036	1.91	7397	7263	0	134	5003	1020	1020	0	405000	535000	15782	3165	867	2012	11	6	winter	940000	23996
BL121211	9.210932501	14.25	13	38	0.48	0.29	0.083	0.861	0.319	1.36	2.023	2.19	8799	8521	46	232	7037	532	513	18	596000	507000	14268	6013	482	2012	12	11	winter	1100000	14681
BL130115	9.466265572	13.27	17	38.1	0.89	0.43	0.124	1.174	0.401	1.212	1.564	0.46	12856	12687	17	152	11168	647	630	17	342000	375000	5963	7636	571	2013	1	15	winter	718000	10628
BL130206	10.20611037	12.76	12	38.15	0.72	0.37	0.107	5.897	0.698	1.728	1.464	0.18	19835	19560	39	236	18088	250	219	31	275000	359000	3913	13069	683	2013	2	6	winter	634000	13408
BL130312	11.71698304	12.78	9	38.14	1.08	0.42	0.164	0.177	0.219	3.289	2.475	1.35	21936	21753	55	128	20397	696	681	15	338000	459000	2806	8592	1278	2013	3	12	spring	797000	11833
BL130417	13.38122371	14.51	11	37.87	0.49	0.29	0.084	0.576	0.175	0.646	1.356	4.08	3127	2865	0	262	328	1540	1540	0	668000	773000	885	1818	639	2013	4	17	spring	1440000	79111
BL130507	14.21220887	14.96	19	37.73	0.75	0.16	0.097	0.669	0.213	1.374	1.451	2.4	8415	7089	1046	280	6696	210	210	0	403000	487000	127	3822	591	2013	5	7	spring	890000	13200
BL130604	15.03462517	16.92	20	37.62	0.31	0.13	0.103	1.962	0.168	0.34	1.249	1.53	1998	1943	19	37	592	847	828	19	387000	365000	147	643	210	2013	6	4	spring	751000	41374
BL130709	14.97620219	21.61	14	37.87	0.5	0.17	0.088	0.853	0.109	0.134	0.456	1.87	3604	3121	312	171	52	1102	1102	0	289000	506000	36	722	917	2013	7	9	summer	794000	26064
BL130801	14.43787618	23.58	17	37.81	0.21	0.1	0.068	3.483	0.221	0.239	0.459	0.76	2224	1882	43	299	107	1036	1036	0	303000	346000	32	1004	135	2013	8	1	summer	648000	24313
BL130917	12.45581855	23.41	20	38.12	0.31	0.15	0.082	0.125	0.061	0.316	0.712	4.02	1693	1532	107	53	232	962	962	0	443000	531000	6171	1024	107	2013	9	17	autumn	974000	41028
BL131015	11.16777513	21.4	20	38.05	0.28	0.16	0.077	0.433	0.099	0.218	0.816	1.39	2041	1908	83	50	116	802	786	16	522000	385000	5382	818	202	2013	10	15	autumn	906000	30771
BL131105	10.26268825	18.06	18	38.04	0.42	0.18	0.066	0.316	0.11	0.316	0.81	0.77	1767	1715	0	52	297	712	712	0	595000	528000	11847	417	258	2013	11	5	autumn	1120000	17937
BL131204	9.179683856	14.42	8.5	38.13	0.6	0.3	0.173	0.474	0.375	1.53	1.878	0.62	6146	6080	33	33	5234	228	228	0	454000	445000	9096	4878	187	2013	12	15	winter	899000	11004
BL140114	9.441090391	14.28	15	38.19	1.02	0.66	0.071	0.448	0.157	0.772	0.905	0.97	19389	19065	15	308	17510	770	751	19	418000	487000	35996	11259	242	2014	1	14	winter	905000	25896
BL140211	10.41078106	13.4	8	NA	0.91	0.39	0.097	0.836	0.269	1.043	0.973	1.05	13708	13539	92	77	12507	683	665	18	489000	368000	5269	12252	1526	2014	2	11	winter	857000	16761
BL140310	11.62350701	13.76	15	37.92	0.6	0.24	0.085	0.199	0.128	0.425	0.768	2.28	7173	6798	0	376	4310	704	657	47	386000	331000	10941	3370	1059	2014	3	10	spring	717000	28291
BL140407	12.9298971	14.12	15.5	37.89	0.3	0.16	0.097	0.906	0.199	0.775	1.303	3.51	3628	3480	56	93	2332	529	529	0	564000	327000	9098	2202	739	2014	4	7	spring	891000	44153
BL140505	14.13538227	16.22	16	37.85	0.29	0.15	0.046	0.156	0.239	0.104	0.986	3.37	1904	1862	0	41	62	1337	1337	0	477000	275000	3669	1349	1544	2014	5	5	spring	751000	24468
BL140602	14.99582855	17.53	15	37.81	0.26	0.12	0.058	1.556	0.08	0.095	0.935	1.37	2633	2552	20	61	81	1673	1673	0	475000	342000	1687	1467	1565	2014	6	2	summer	817000	31462
BL140707	15.08620564	21.99	14	37.89	0.29	0.09	0.099	0.838	0.027	7.286	0.915	1.59	2064	1942	70	52	52	1837	1793	44	525000	279000	1230	1119	1185	2014	7	7	summer	805000	45477
BL140804	14.33191829	24.77	18	37.91	0.36	0.14	0.092	0.114	0.021	0.148	0.904	4.92	1664	1370	114	179	65	1674	1674	0	588000	340000	2349	847	1268	2014	8	4	autumn	929000	52784
BL140916	12.50182572	23	20	NA	0.17	0.12	0.082	0.3	0.014	0.114	0.881	4.73	1993	1856	0	34	170	1417	1417	0	573000	270000	7589	652	732	2014	9	16	autumn	843000	28138
BL141007	11.5325262	21.3	12	NA	0.3	0.18	0.081	0.172	0.027	0.205	0.87	4.48	2196	2015	91	73	599	1069	1069	0	NA	NA	NA	NA	NA	2014	10	7	autumn	1080000	63307
BL141111	10.02970408	18.94	15	38.17	0.2	0.12	0.045	0.067	0.029	0.189	0.814	1.44	1518	1395	18	106	106	1031	1031	0	528000	286000	9032	307	599	2014	11	11	winter	814000	23399
BL141216	9.171535126	15.88	11	37.78	0.44	0.18	0.074	0.028	0.315	0.811	1.233	7.6	3804	3306	309	120	2309	576	576	0	303000	263000	4467	1875	470	2014	12	16	winter	566000	5056
BL150113	9.416821946	14.47	13	37.82	0.6	0.28	0.119	2.624	0.288	3.001	1.742	0.37	8096	7970	0	54	6927	395	395	0	368000	397000	8155	6892	566	2015	1	13	winter	765000	7581
BL150210	10.36909419	13.05	13.5	38.09	0.7	0.25	0.085	2.013	0.345	1.603	1.395	0.3	9798	9685	23	91	7081	568	550	18	405000	466000	4108	6397	380	2015	2	10	winter	871000	5227
BL150310	11.62350701	13.27	16.5	38.11	0.61	0.31	0.058	0.396	0.23	1.447	1.628	0.2	27769	27683	64	21	25246	396	377	19	415000	321000	4114	14575	538	2015	3	10	spring	736000	5291
BL150415	NA	14.38	16	37.95	0.33	0.22	0.035	0.497	0.166	0.849	1.805	0.18	8561	8461	0	100	6311	1849	1849	0	846000	403000	4363	7261	586	2015	4	15	spring	1250000	22090
BL150512	NA	17.71	16	37.79	0.37	0.12	0.048	0.772	0.057	0.208	0.354	0.37	2790	2261	481	48	241	1395	1395	0	365000	362000	1060	1626	971	2015	5	12	spring	727000	19837
BL150609	NA	18.97	18	37.7	0.33	0.13	0.037	0.205	0.053	0.232	0.672	0.26	2208	1965	142	101	41	2284	2284	0	424000	362000	823	1043	1022	2015	6	9	summer	786000	37039
BL150707	NA	18.9	15	37.87	0.51	0.06	0.084	1.266	0.157	0.396	1.036	0.21	4001	3697	253	51	1165	2127	2076	51	485000	534000	1094	4691	1330	2015	7	7	summer	1020000	25875
BL150804	NA	25.48	18	38.02	0.23	0.12	0.051	0.291	0.023	0.209	0.77	0.36	3452	3032	233	187	280	1353	1306	47	398000	279000	790	832	971	2015	8	4	summer	677000	45294
BL150916	NA	21.3	11.5	38.09	0.31	0.17	0.052	0.147	0.049	0.656	1.846	0.43	2536	2264	136	136	453	1177	1132	45	504000	392000	15230	1571	633	2015	9	16	autumn	896000	54490
BL151006	NA	19.47	11	38.08	0.35	0.23	0.056	0.365	0.046	0.344	1.24	0.37	1924	1879	0	46	92	1833	1833	0	519000	254000	16788	2719	422	2015	10	6	autumn	773000	31866
BL151110	NA	17.64	16	38.2	0.62	0.27	0.053	0.375	0.063	0.24	0.994	0.4	2284	2130	77	77	539	1206	1206	0	601000	378000	15281	2538	642	2015	11	10	winter	980000	36076
BL151215	NA	15.38	18	38.27	0.6	0.37	0.058	0.352	0.175	0.893	1.756	0.38	4980	4928	26	26	3884	626	626	0	497000	267000	9382	9095	705	2015	12	15	winter	763000	12494
																															
																															
																															
																															
																															
																															
																															
																															
																															
																															
																															
																															
																															
																															